949254
57907
416063
96748
152525
443179
882299
72774
3266
174648
174824
205261
87002
186275
15967
445786
667570
9591
621784
918298
984157
40535
506601
318932
570610
832774
988916
640849
384322
100097
238205
781191
497961
954145
345505
634599
490817
420311
236828
731478
197560
552874
342832
2939
985583
318932
389464
353756
563482
231363
920890
462842
505833
600614
811324
33748
828376
160097
228729
314043
522969
662293
181483
24051
31791
618688
602465
296421
637259
42448
161159
389501
143907
901288
196283
294789
780339
823173
937867
155171
34672
854372
112286
969628
47828
389618
53008
455419
36557
53200
20423
143580
269807
470425
262363
368821
656353
382556
890339
450217
72100
111891
550986
546216
372402
44576
912141
901428
119647
805303
478539
903237
654214
384619
862170
931106
830896
56819
282884
193619
393940
12847
358384
420062
250866
567881
656386
121193
497456
112050
239977
774984
758730
901141
109976
661636
297691
774734
296599
66139
160706
501062
553523
351885
60100
342637
663316
819335
624562
204204
296324
686838
248163
698476
588402
56964
139180
206073
628666
418819
470277
661420
103271
4023
682320
910755
781907
345908
731742
55922
549544
258181
119297
56564
246404
368762
977385
815011
251482
740521
702398
685694
921445
962760
783827
230228
579953
213584
176855
638702
710268
364133
2383
959797
930210
668755
283626
565298
318085
566100
511477
400020
184066
949464
332136
492021
44016
405194
740578
524457
30046
787045
479694
901721
620945
380780
196181
898988
842788
673201
693516
892465
502464
232315
919548
397478
914721
678947
952546
449091
272681
381050
351215
297494
869036
76767
392813
748468
523789
878863
702292
584419
360193
235620
68227
594072
738774
807212
995705
248728
332298
875677
2569
877285
569665
161183
707626
145866
233161
896912
774038
639738
173946
83890
483688
190617
882306
989482
655176
86369
71299
494238
733699
103642
729431
973529
907218
13721
24953
407040
878614
997204
371793
353636
334541
440739
911750
149503
733866
577045
153027
415150
904386
106145
199059
886366
561788
579137
127153
925286
80619
832271
459787
118906
910055
138038
211262
380223
170987
493373
707395
188263
744397
391692
408014
814333
874492
445738
303515
9020
192628
533549
664982
743731
364877
946560
581579
14031
126416
678615
430542
539416
555233
87697
224935
329214
208511
529294
449112
157846
442162
818294
171262
798102
945889
832109
644802
905657
772361
799327
346967
346892
956041
844651
81243
700231
38936
998091
250178
732068
497103
572498
351384
306677
212053
793617
715635
46530
981431
41566
309359
37024
935458
490525
312397
638600
494611
883438
429798
158668
744505
132904
833339
323304
226840
101638
5995
849230
914322
383986
753836
227707
457876
542827
233294
753718
394326
405235
254984
299332
249634
274919
247473
229787
655392
287842
344199
398221
591431
430294
123632
286172
259562
226712
92523
220563
118503
597786
518960
459803
373378
548317
520090
968037
560163
127735
290183
909594
70051
255779
402894
504731
387505
819405
121579
45553
26853
144567
472441
366306
994583
456944
164845
250191
467580
881119
947049
31744
712561
173051
387254
777482
744508
893083
258846
214290
977623
694420
486156
601557
191127
239890
349616
180571
379680
568893
763715
113073
716810
657205
6090
161118
250569
90918
540695
138845
139888
610542
131458
707905
560416
726456
814663
797091
362038
922809
741471
800226
163659
693501
324164
400912
626761
142485
250952
493549
802325
392395
800079
80493
59462
462278
827775
533517
410545
660524
250852
904042
813434
827321
604757
99946
989260
956103
97508
883489
264092
182096
573008
498981
650472
199351
220941
778939
631008
839306
375515
91233
363626
894659
308125
66490
864460
888276
412584
677918
770954
964382
721207
507359
281613
263118
250653
762449
625879
556503
918905
246766
287259
928673
970684
987093
415894
730974
659532
937701
358246
46658
3554
671564
174056
303983
750388
841062
391072
994387
824711
843940
189851
375147
70144
722561
737860
228778
26711
627744
803545
550624
963565
848477
901965
424234
564889
448370
291473
52508
587310
465143
959968
290776
302104
411638
74440
916479
318684
876291
56205
879359
984380
340570
85839
121118
843283
963055
988023
271019
880192
619970
609656
249534
233438
856831
842031
875473
739055
842808
316962
686971
482219
960937
835890
208755
362999
635451
589366
833028
942843
817727
358081
576021
617084
886767
282083
542675
931605
423474
183954
448314
460954
451640
709295
545701
647104
144853
248117
550707
555384
280335
943245
82859
258655
90730
654914
697402
139162
838764
882096
208436
264246
758578
489845
858652
195144
139593
894029
753784
177169
78942
899911
879983
373772
819563
619565
717100
346025
844558
749700
137996
550037
83234
432074
304592
165181
181871
124615
36198
521146
910479
332145
956555
811099
446073
469060
956588
501530
362493
68328
283392
15355
973739
459149
86742
538275
828848
75746
513326
67605
155484
699692
4148
567574
391723
257918
869413
880922
637436
525665
320368
429241
191256
415707
323864
596014
501067
747645
753826
96048
983826
337017
591975
885319
6395
401975
507629
440715
44043
111309
337176
811991
967766
791842
615400
383494
398080
868146
643730
443659
648098
717433
384690
562454
495660
537184
345822
603111
324492
67885
214875
763311
877170
86658
92762
878867
307984
153485
686481
345600
870790
430657
196697
787097
685617
425818
787450
704935
528426
633906
286648
394753
298001
27851
936753
874464
737325
731996
112138
419947
306108
113928
226382
206564
91546
632893
58523
421210
540621
824655
270898
476406
1682
133733
692231
359960
107286
316091
33297
569565
844213
178173
970648
999804
496829
180132
4668
226894
537516
860714
687556
935927
626596
833790
255761
976224
638517
226902
718516
311923
983199
950369
337521
218409
535331
361681
972374
466113
806523
966703
927451
126995
545708
107167
804796
220115
392234
256950
796132
569529
2867
745839
936658
798404
184433
737498
448579
93533
442582
515408
843983
110
805336
638548
956612
673476
622935
642561
787493
234807
946616
532194
60990
389483
310076
682984
348255
871364
615291
979251
425830
239223
228268
348904
803837
468775
263857
178353
334537
536260
921112
279761
93827
647150
109423
537918
984409
584019
364206
709526
965019
691746
594951
34811
886320
281942
981804
300991
937022
525294
347790
65346
772386
252717
771217
528829
588929
929848
539058
597017
759924
457002
697559
41552
479382
356162
562090
350861
35611
727966
46910
283609
701562
268104
694469
373839
741521
903962
813027
748798
736552
827422
299717
890015
262950
882701
98968
361380
120311
973183
235150
460662
142599
607240
758522
439524
493702
725749
377262
836588
649426
882104
885599
480957
97162
12180
798602
273720
318555
312508
236998
471480
243170
231960
520833
452132
787838
626494
509754
578677
266871
420316
544787
455058
282836
872452
743790
182567
508457
539425
223620
423742
257827
584225
346615
855585
977951
452207
710482
350817
90512
445185
534497
944783
299175
520628
407799
466287
959342
622135
953958
692691
494165
935735
467844
646350
184957
67794
459831
986600
237331
989642
932687
983332
730633
454883
115891
289076
33017
263088
702852
250705
708813
315104
587974
859682
773670
886115
302694
338931
699106
649951
198286
873437
388032
956357
302859
910726
782458
628700
268080
387225
335148
5003
623875
86850
654102
586362
640566
15723
853221
792058
403335
908297
152808
264066
282277
686830
922072
995811
743608
576769
300552
182130
363475
125940
394126
921834
104431
947991
591321
869615
860788
747919
696663
260840
758425
737310
965476
639967
341486
802545
683905
497810
745998
493960
882050
435110
852053
457731
634601
921020
296724
59171
801962
331697
465045
67990
599165
902023
752146
130867
467400
601227
522256
576010
34426
673403
379552
850248
688608
513891
573083
43147
664034
189987
240483
498760
660081
735176
640035
979066
581464
778860
125587
107267
775789
675688
459936
226400
303878
988534
477787
284948
327826
735885
588207
415571
815804
62720
788276
687618
239530
394026
981469
271820
744654
862413
488192
584501
99519
264968
740617
789430
131867
429844
662010
965296
188608
825198
203941
712322
65212
427933
654129
817808
38101
698271
987508
559332
531340
971550
814479
351787
744553
881005
981844
894529
100095
824654
783281
24225
400374
791588
210197
439289
47937
415977
763366
606047
652590
421149
12412
646228
570173
866732
496320
849972
870349
249313
216673
270468
515122
383922
645698
267495
409054
897459
936354
758166
722409
567821
289103
596512
507738
431487
242267
505373
96241
516965
554400
521315
921488
868570
186654
329106
992179
576177
246753
372767
759058
962550
438241
947643
289250
724805
697453
514946
889088
441521
491340
208998
115939
696834
698409
825024
322239
615018
736586
776051
510918
93680
679009
567858
249038
868032
261094
448090
826942
707023
662909
947556
800710
710364
608883
495166
143496
809262
129504
871691
575427
310408
522033
213555
59646
614872
933714
448247
608650
203753
609763
526263
736149
540501
901573
659875
633003
313522
177166
728204
671848
699912
356448
272018
495700
338856
655779
566563
424837
673262
743448
543955
527614
430815
641450
873625
985744
850892
877922
755675
339227
186925
732899
59511
276232
448882
65912
328163
107210
746690
625839
545607
158590
402160
259955
634326
509263
299468
23124
331930
575402
26877
514194
391064
46051
886418
722806
764562
276909
882644
289294
100782
786606
456400
950719
300574
50232
99467
163580
410023
336125
362610
884691
648168
485382
371041
271975
281075
320458
92503
782702
505138
201617
845745
578784
799021
594
165330
447587
752165
601207
707646
819222
380148
658229
894506
314114
465354
744794
556065
531603
137816
932397
898570
857189
53497
998134
263611
165545
664877
48444
939842
215923
553425
681031
699976
653504
969024
105675
190077
934010
869644
712559
716797
33912
926071
422145
636402
11653
563522
488246
129510
33323
727652
865457
33894
385496
247964
553146
684000
827524
344550
216528
144635
135516
401953
354632
506056
305134
942633
50766
226954
363713
17966
888065
403246
568933
189451
985645
978378
457924
193307
586930
648895
865104
803199
792247
59973
245617
264308
744641
297655
672248
547419
45385
451631
130320
540057
825390
833507
488320
830557
147948
920176
709013
975631
333127
731964
500938
852197
837884
465313
205662
393295
385811
137228
87700
895243
82508
561246
931935
693560
258549
202470
737612
237842
582687
475733
124206
235083
770966
641044
596992
283243
575898
403054
313400
672225
38490
520364
601939
316335
393394
872304
76776
284513
252946
187496
686037
461471
506718
701801
701683
580995
921298
773172
534701
899351
554151
669887
652291
219213
844694
170857
552586
533210
461590
327806
765262
936151
493808
917637
504111
404989
812837
913382
802525
786046
438634
402142
294512
307420
293884
952079
735515
453547
78643
222568
445070
89401
959330
430875
810516
824754
171265
980914
94280
254583
855592
155152
351790
301518
236780
494275
116380
647597
261597
510141
776483
61807
302335
378262
71599
233164
580052
258842
994456
551203
757022
845119
561188
397496
52277
635442
758884
741245
704706
614059
9248
151880
200276
710071
903114
582192
787842
241379
625308
879655
546513
471082
144378
782297
72378
557421
208315
635663
568407
535355
604450
839497
766491
965514
943944
585737
259594
695182
9690
217792
838571
644782
416546
679670
107269
940122
813662
585099
825232
488305
295110
642609
579245
731924
555815
635739
140609
957625
42055
542108
817058
342131
226585
951417
409875
753025
962148
516585
473970
387224
97553
388907
268221
19509
915861
940689
8583
847287
142083
768074
946267
705328
108222
674001
402455
544009
16221
962363
954586
818910
24578
87014
750260
749418
408141
668493
454273
970664
336279
560368
864674
462934
261486
389529
112450
794359
418983
910733
523514
545234
109677
701744
552285
350637
24913
851490
463767
218867
188106
165518
816837
629072
873955
112904
648342
968997
836602
29809
791534
534348
739836
638068
375400
702104
722228
88255
860204
706918
672813
738796
734856
787014
602728
217243
678358
951254
36758
395045
443698
456753
672612
380128
678015
874143
647412
671984
801821
402111
532718
539356
819330
337110
44669
525143
728633
329429
426232
90285
794043
195620
542103
272108
774988
680506
550470
450815
642505
933728
419409
883381
564287
738215
144000
575855
949152
52075
120168
250860
738946
134895
375421
850704
305667
412940
915880
354206
181708
727583
560793
712135
848162
225393
279881
571327
891268
499732
740316
476104
323798
995252
925910
427686
114456
657518
199252
185195
65896
690881
111033
263934
416814
233728
78839
460009
339421
833804
477296
597142
384056
491193
72699
338563
51712
192213
999492
129784
960358
54524
5376
633323
418179
801618
244969
451963
101805
660719
360089
53644
960759
22932
409845
373998
415556
600888
424144
473570
441882
702535
830173
988454
805496
363379
129543
993067
854368
823802
876555
533744
591058
645076
817228
273207
325867
427051
545921
861266
321574
965387
641668
765612
682294
175930
202894
523537
101204
192131
27803
950791
113657
766606
501187
459380
593062
724823
91061
438608
271337
37485
581109
943319
245987
600746
81877
75845
637220
787145
918708
152657
154940
937990
624811
16797
955872
786059
615304
735647
829565
67113
303611
39009
176898
11270
296871
798865
74111
954709
853997
718590
249980
863204
974572
691311
867277
904508
92871
43751
669000
813759
218949
125523
349480
148207
500122
721188
887799
580122
566219
855436
770402
536416
86439
321970
892085
686047
939842
852478
340187
424833
351131
555148
853933
257525
179952
334737
804938
745659
708217
868449
619039
935528
590259
329292
12884
511301
540018
308225
458616
71000
127095
780411
984730
788147
266276
741633
918933
184741
429904
147479
683839
771539
433070
650513
353354
721743
867794
636675
992962
993856
46155
336042
377387
149417
450496
665759
663517
615089
968006
663409
244011
801809
627852
704873
344396
295732
691115
96184
568237
775121
766689
185773
878178
234633
323360
391736
23740
160264
337310
204438
820763
845506
356137
996060
411483
200004
468957
799867
667728
901159
640383
39548
675369
539907
805495
467634
501412
778009
446318
230307
26339
227461
40282
33920
318725
923291
384199
847424
870493
296439
612765
717926
44509
903758
751093
572820
272217
980568
308698
244702
881600
810724
62865
516855
526567
57730
61016
444997
719976
820545
223365
248501
125679
808082
467750
253289
669161
839341
170545
405929
136787
27933
138645
11168
594934
329691
381303
797530
739294
132848
590428
264235
155431
991616
427069
955122
569046
18555
712882
49960
17661
350308
114068
130139
685482
768247
646565
276044
68092
60006
405750
56458
479271
873975
36769
724163
976163
710291
930150
167786
843962
632087
641092
708204
916335
977594
231722
679858
300553
610988
442506
872842
858006
765797
164108
595277
285296
397925
843335
859765
355428
789596
838707
489633
247481
733480
400508
365552
446351
270863
289124
517857
317696
949194
278809
177597
386863
705036
660841
138079
776378
79397
958969
951753
284139
431460
796596
820260
897805
791675
835310
67747
127954
671935
448541
853341
905766
142350
601880
234793
699695
164562
872467
318423
11173
203782
44107
776496
492698
376537
998991
390351
935865
217877
526133
388500
567308
979016
537885
434240
148082
811222
357936
555739
776695
983362
159594
420987
322095
565236
315727
555146
506799
63355
539442
9423
584001
587554
116205
16764
780849
409130
789520
639
176822
408228
519612
340321
205377
519480
833303
656536
505773
359243
92664
995966
791814
70854
910350
466197
861561
511754
321448
339617
187784
979485
544225
438393
812144
928873
813515
778323
37776
219367
819998
967330
267831
511118
555353
80841
966729
439361
371483
817848
831614
312629
895753
507355
839457
589495
669184
338455
260102
7382
440853
714817
599493
142728
996669
152045
931490
954501
747114
692804
445476
727114
579668
792219
622983
844154
112017
179258
453694
163575
698243
243382
971782
872656
400285
562363
588303
476773
319784
196670
549681
938636
116148
529433
888265
728045
424309
856113
877152
371884
551125
863742
188461
496327
90595
899397
250175
425495
437015
127654
872128
843820
759159
173617
685598
621588
736644
340887
533685
398087
270757
420781
616605
78743
509044
603093
26833
609642
78879
130144
845112
933233
201799
179438
43368
808149
356098
26545
75206
766869
276422
705966
716204
537631
839411
491594
608436
971560
114628
769911
761228
955769
806990
830575
568691
431182
158894
820944
901141
410727
474735
906164
2284
117598
252915
791261
173410
355662
694081
310981
7873
332077
811344
6603
735789
674671
511139
774783
715456
663040
455026
206706
649717
800325
937534
573867
785501
44208
990998
530964
659629
642591
43366
200543
17595
175577
282622
68354
617229
467625
236881
208011
912173
100316
494518
818886
93811
549107
362499
603840
577971
336363
126438
276580
238132
331134
750434
429428
690693
981458
609409
563551
261821
548238
119206
228606
896233
781962
674967
23234
251131
645009
825546
598764
52565
441996
121110
589387
599294
455635
254440
639869
730299
430240
671861
351069
515683
116046
2547
48957
259769
941279
428533
471651
116676
454168
835720
262334
740061
195477
853889
266947
925601
126481
321997
174750
923288
703190
835624
603841
1457
739096
892590
143741
626037
976606
785093
781530
334387
603580
340346
719239
342743
63840
529303
579051
690426
367938
27418
114996
782929
65413
267188
759806
686987
255400
849556
706648
137612
111211
886554
905516
975706
867838
233517
621316
782277
32854
433001
391584
639694
855162
586359
422093
780683
322920
415055
208955
242435
874974
283819
716591
631405
339753
282649
408587
859410
310921
273943
877582
457807
427145
428938
520520
937085
855166
372873
219033
285939
292877
254860
649716
897245
267881
950548
223255
570157
21762
543396
602501
902513
117066
185648
246961
343269
715312
173334
95377
582561
239207
216561
873498
77599
974741
369575
549861
450589
771666
159250
815665
6849
32682
152901
24010
199157
716957
466225
683524
674643
421716
976052
281042
570537
287071
3368
940148
857906
671489
808729
970463
923454
421044
466803
414591
760273
409857
223566
94999
708344
455923
192647
203019
817285
801906
534744
339180
424525
328965
829528
32774
287705
517615
614619
753758
702525
775220
54137
686270
301132
462173
708929
742459
302122
248974
814981
429293
721820
95045
783715
883595
733622
829796
377599
883374
936275
738799
371094
486499
69035
512707
465607
175631
369997
748059
794616
55632
31013
572894
590423
311535
733848
103936
755785
742895
550101
157221
454499
394624
795016
169696
706369
858415
108196
302219
819610
933159
855577
139489
851722
144023
102722
865916
82480
605909
851607
983482
189861
776447
721591
412358
883908
92099
90452
799233
111412
532926
692885
479196
175735
652862
16935
66407
926626
953239
113008
446314
902602
701139
251090
416316
151468
768125
348086
327559
37708
223740
97854
969280
324490
929593
771764
174960
171216
148508
343767
716841
770964
787973
213376
282743
352849
13568
20824
923567
386456
815517
229067
313675
282256
754622
283904
85995
213326
73246
989500
609819
827210
208733
570971
676996
469109
47680
415023
997788
823538
31143
448066
353799
698946
20127
971964
446476
993877
322344
528053
3364
940238
335211
412399
984574
82850
567572
840696
900149
20994
452281
807118
983620
810862
363284
45848
268110
125532
757029
901056
738604
465160
222664
416477
326587
40530
621917
642361
905540
876237
499978
600208
356556
819793
520567
563028
961653
13732
522973
80378
91872
76812
709101
59870
363884
364553
306577
80335
398341
484559
394227
626463
40512
764389
294597
377782
381356
808099
365256
894026
252461
41388
155372
738524
986588
888301
11214
477239
603344
63597
794236
24956
87462
747137
408865
146596
607582
444557
758091
248699
114004
158199
100148
333170
101259
825627
802882
811631
391478
307800
907771
426407
607116
243043
535134
366783
336582
222741
608806
656576
433766
346105
264818
834834
905433
161920
45414
293294
940380
690313
927408
348844
30464
700721
92233
830423
995724
762649
6841
397927
155797
949670
112911
9965
194982
493541
432511
643276
602899
326437
116975
737485
265421
854330
513297
184536
260489
94497
276499
615619
804740
334415
399929
408067
545882
438506
372454
256645
124509
393786
587425
531092
936721
702402
954243
425246
684077
928267
477898
827380
551928
651373
406613
529553
467379
393120
758558
159615
998185
392148
920583
643443
317601
429211
872782
784015
487213
89636
308143
165492
23617
87223
414856
444750
73591
589661
619030
339379
769552
664162
989918
31780
815597
595150
896829
123455
508183
702621
389548
43921
656847
681506
123583
144540
530020
240749
448367
737613
99225
611897
541790
400149
845359
680852
698527
630080
131604
888147
556664
113059
516525
830814
107426
709944
609031
686354
180715
649178
670363
709366
311700
981160
583065
439035
801322
450605
386991
539635
524982
701068
503453
733218
955015
158627
712427
702108
139472
207975
451903
602810
163841
827968
750514
785793
581918
374246
322668
701572
489861
386709
919681
707503
187765
5882
819384
149789
334683
790953
602256
809077
287800
717931
998628
404504
954839
655513
779359
157865
278494
863689
253527
788944
23940
864895
864484
67267
272976
986944
879838
984285
81990
157581
194302
569017
960281
502706
962537
509858
770876
353217
688597
719676
397171
490073
322261
76422
529836
230336
806345
645318
456252
428818
855355
370002
245461
226327
75736
636176
876816
422493
792096
535360
732919
10807
756537
754275
28343
304154
862314
250474
845760
490219
646997
99684
219941
430730
504742
298707
404362
258014
998344
822073
935928
618226
57280
321698
20637
789272
938313
899287
411135
135028
485035
634626
483794
758137
320611
408154
446981
470461
51304
115141
860973
447416
793371
113765
157809
568767
614561
48594
703202
996173
127485
728736
619635
302920
472446
450721
579371
548386
985384
992928
618784
302390
697121
231028
349203
872521
596265
791698
248839
594680
769576
762545
875570
913178
680922
711988
948890
948732
748338
754174
180210
538965
935793
148601
873666
130110
237067
667326
651970
132376
967698
564630
82935
978279
657859
669359
774829
254417
987373
635799
919548
663066
74244
203844
875632
283298
953834
724655
326027
575883
110524
237635
677760
820168
444127
717660
670260
228130
743822
694910
249284
943873
274521
690831
338758
114
736150
591533
762506
43779
316053
535045
142166
662850
902991
437475
784353
546881
17172
624158
469163
769949
118917
583959
997376
569146
580666
40286
834663
540852
801441
338313
775355
901564
863451
596842
374186
762120
468818
822911
389498
520167
463545
657732
971430
599
592592
66505
448299
125211
393119
543692
569932
192440
583924
436976
374705
908322
449629
584843
663966
869066
372738
589242
352024
32115
177050
736640
622164
526277
168624
111542
852429
346316
485246
430957
481337
594699
683978
123497
638938
781145
696157
303515
927953
907386
17237
864100
195017
428620
589960
794212
91632
373757
313397
811612
584900
508868
591630
790866
158527
840354
165565
302327
814198
456525
298365
699648
831138
389800
535396
321063
275258
333385
866507
94313
787240
681888
571153
761771
939355
789510
660523
527047
819459
633636
826100
923536
940856
676088
154422
89294
669804
118660
720134
593604
806568
829242
353360
180384
497329
976060
184401
165332
705574
189516
92909
993147
14729
162454
924270
102193
103909
870506
511917
854282
23696
73219
986834
781738
528356
517141
957905
91819
70479
639530
234525
398165
930055
536248
770506
899602
961416
259195
367597
605396
203676
774116
564858
98952
52241
562119
737102
106289
936796
41161
965100
242049
586161
323151
957858
882416
726221
580011
645988
150608
865831
433380
413556
461579
114238
765495
116080
421535
667572
139647
381074
11156
318468
622566
942708
919582
226446
119312
341015
698195
788912
982976
370562
58177
81229
920461
184624
53246
679010
724445
189531
430257
445373
312876
95197
173674
598282
756397
717385
263876
9838
777270
47987
629588
987417
605611
673197
849821
33822
612799
297290
980424
132051
121313
256675
164402
534263
393008
220573
566144
343926
92778
399112
392589
228817
786145
272949
678576
725022
254436
925623
956050
776191
749976
112199
136786
419908
246496
587844
700338
868666
823857
701436
738104
267058
891803
343412
909463
970160
564752
391240
762677
379487
78552
323396
781432
5917
782062
364618
133811
704196
81254
646716
907755
582190
407076
655134
232963
854064
226144
830950
334258
320706
768413
120136
541193
184735
612484
512494
413063
957483
146
113414
130886
509361
109674
780286
141914
8637
234701
553096
917841
781318
534018
791109
353232
890741
585401
259064
228529
813861
73472
263224
627172
317202
816315
569799
540161
972322
126018
436941
960407
248310
588734
518991
724184
120203
342679
912371
363128
55916
31904
397248
201026
578277
97737
221975
307637
828144
393340
454178
838771
847212
182000
599686
696998
432412
762406
265704
163966
706157
823936
511335
846802
768488
653910
289698
761784
379412
604334
164050
115788
735515
650315
773659
777233
267473
115789
216391
569232
358957
139579
196912
42461
296092
487454
653408
829853
705629
805823
226481
666945
408418
980603
677357
509018
254065
425513
549960
667173
787347
79443
306926
278063
545688
391172
115326
681804
548692
80587
660626
743452
754554
521893
342221
598951
892750
502355
36075
368456
312688
545422
817746
692304
630178
814121
103040
170232
431819
610492
362281
127800
368927
386740
891662
886094
739016
372910
399287
920642
253785
285005
257072
146451
79396
203476
447475
404548
701977
669789
511220
505830
987400
288088
326930
380888
908229
678084
85867
594737
286759
831132
837331
999021
699545
808083
448885
909387
676302
787708
114045
840844
315578
895415
16040
15093
996207
1770
46642
47982
893793
213850
426875
519508
804360
554795
956901
681223
330248
155012
482471
649088
756875
503704
359489
322953
405192
336505
592072
350925
127965
279573
492848
838433
728923
653033
647199
397913
401364
172328
125880
462520
415061
811523
587070
627758
259657
248286
575968
799794
238950
224125
236037
738608
196232
589744
565001
110080
559130
760444
499732
760564
779181
443927
27603
851528
661285
601086
370268
758916
699014
404964
332957
725166
819624
970319
581652
10778
447575
907471
403707
965923
23582
995019
387792
443999
34628
282854
487528
967512
909311
107596
668715
335446
278361
72556
483005
779765
346033
575574
428047
719959
508408
54452
459219
559984
733044
343142
717988
706978
402594
162065
301662
324219
840134
280848
559238
728297
260517
287775
285802
279755
447372
352638
558382
836845
290094
778607
96965
687835
158843
978530
226387
266816
197417
589617
850734
177202
8621
395499
297296
460011
387480
627531
530373
421545
732434
855682
814743
377758
901281
394708
836747
982155
842295
377108
25679
175367
299930
638149
826105
227361
132346
257905
397030
891281
827230
982359
890605
474082
14745
512364
396149
934672
198470
717872
80899
64203
960308
384526
889804
363490
785990
313044
758748
857879
829804
38109
249463
146226
253442
437245
965555
995971
788293
766850
104690
810813
440925
824171
651528
230062
984326
707286
948793
938619
165994
692802
134209
314309
741847
792088
692587
477761
500007
590082
140207
632867
796156
358323
642050
103410
896999
420682
449721
177903
264534
745946
570333
539018
941320
672819
657084
946605
802064
354415
826063
216896
994581
235359
337306
603167
539478
783154
247958
855287
708168
751894
314880
458365
227619
817956
270605
965674
637166
709489
546328
576313
561098
387105
162727
479423
27394
135475
186712
907603
922973
432750
208795
423501
823650
44626
344975
904168
652982
196218
50017
361740
388046
575909
347953
661665
914352
912889
424872
901142
401413
99588
498740
133550
262325
642568
262305
545977
274772
381333
86488
150548
102150
56020
815508
32441
318611
187502
294570
901105
842308
317622
545422
911188
950223
183464
816608
453231
37321
445781
657902
810296
834445
274952
767235
426455
460275
162541
56062
17380
363691
718132
434184
131761
128999
772719
279958
20311
545550
467610
179162
370712
602880
836623
863879
599819
954175
924221
678242
340952
341365
818336
953583
733166
582295
743950
351739
816575
388460
288697
955585
704101
687555
779207
649041
913583
458023
609170
502599
66964
543113
778384
441930
748799
729245
306922
699260
302430
120434
200997
876932
724617
778532
902787
643420
330761
264314
237610
185192
952315
572962
758051
234996
107422
74150
316393
647191
218071
598990
187942
57905
585168
852041
151984
33379
175863
587728
586404
442780
853291
226437
175854
691784
780440
738975
981569
743982
758972
613707
81642
755800
510324
123452
65582
722586
47900
569646
303739
358223
776397
309458
309758
548895
581496
496040
66584
109572
527401
605668
763993
992945
17821
743487
272406
370476
874044
255153
149055
993078
674490
98970
222046
993119
665758
566623
118530
465837
570544
389944
986171
115945
372387
784563
623530
957274
523655
230582
297490
719341
563033
841384
37021
558458
224387
674707
673560
294966
159190
532126
338258
788580
578348
315455
499760
511662
544953
744356
368109
637924
215954
994542
324916
643301
557966
491019
405371
465978
39307
532133
297318
309701
880491
96822
837960
256776
752659
200324
538267
785874
467437
183947
780686
821264
912447
291092
331786
984068
135939
392909
264022
768358
674251
94256
260692
240785
897569
565675
555745
462984
448177
642693
319606
440624
123333
945796
964306
336068
131221
40005
758839
568427
446066
783047
261586
951092
932140
713919
412035
190939
952813
111651
299274
520413
69532
270792
808504
192620
230218
221118
445891
393056
216939
80721
969358
869623
856779
30779
428994
294388
78907
258930
628593
74014
167761
282648
175182
407363
747415
726376
240832
346785
801467
704609
669300
177372
12563
567651
404204
915647
901533
634002
838735
176676
269994
527116
499053
575734
992009
495717
760430
857901
625743
313477
515601
790841
392156
944793
174048
73938
248714
630005
731851
13023
450819
317201
922374
916274
16334
26449
715772
173261
693077
371523
463716
19008
270707
908582
819489
658450
362378
929942
82786
24359
300160
887952
835395
831700
887108
876686
580717
995287
476740
977503
498050
14922
543637
79774
723112
466089
379133
3940
123095
224089
487248
68868
379446
75613
932760
600800
621102
258536
492618
15355
666635
979547
576030
484489
267512
160273
225033
978949
33841
909051
556063
397413
541254
566097
442643
957443
95601
862886
852511
562244
20689
323168
175852
74395
613576
176295
425329
87349
678041
224648
783955
937802
534762
966867
629152
764193
992173
862861
130022
894071
628542
137431
349355
277351
618771
823217
99770
697962
785900
278702
158676
289087
62288
835227
797044
384294
988593
736353
162185
73184
480439
115714
589453
471639
443241
530950
241621
269120
455633
201500
798382
159351
523199
573307
649953
947429
958573
194251
68308
147571
864615
821308
206399
115426
643159
846742
610561
193252
901799
300233
861435
906337
761751
108578
247566
82153
158863
407346
218081
959328
547539
559678
295812
223892
484226
421940
255437
873509
393602
328335
170269
685382
245982
110075
839693
582201
391826
285876
343194
41474
33895
624026
532235
271256
895303
15390
717920
810385
241885
652159
506216
985163
791919
1360
229193
446183
470984
33508
499777
669601
612195
392685
834148
1859
123531
673964
787706
459821
119096
747443
468752
351921
936412
199852
690193
503846
35533
823992
99602
462067
411901
301264
984087
811937
411195
935120
876527
76579
156118
181160
626974
80732
97891
240029
695312
60499
510703
531013
538529
48918
285306
53863
11624
231668
79450
462438
838380
817316
412631
33092
882961
663540
195899
596295
953183
132536
593989
657219
797929
481196
9557
548540
451541
716240
614689
677395
583468
115507
951169
962179
289048
659195
21658
5003
945846
661703
910922
735372
767588
707724
908785
328312
401192
720004
120358
480906
484738
325148
197060
965855
781086
289798
769835
278665
217327
176597
754485
583101
205625
472775
209480
959582
610135
616294
546913
690645
174444
952040
970350
222247
116423
762173
611594
507674
872571
558883
450482
484109
251579
832548
647288
574876
176213
473852
465462
782624
286432
933881
338455
939438
938356
776725
948819
414192
69077
671467
701967
470131
737996
765288
347923
233727
508390
789277
92812
765712
642718
352039
543816
16128
169197
553451
190835
6240
191758
872833
959313
430932
465657
279284
331901
813829
811626
82509
831429
416719
267321
612334
701593
384428
62679
881416
38958
746591
688782
319980
2904
995303
458463
877812
141185
547414
972542
864104
226706
272767
729986
535569
622756
530456
496964
332222
143031
505886
662233
113018
642965
693013
268564
254380
354706
525200
613363
561477
531858
771850
841699
236530
688493
67312
866658
894689
97658
349323
918068
85684
546531
65306
636390
620206
618046
612750
753025
701371
75344
532789
430101
675817
496269
85469
44524
911303
6230
715686
794881
967092
209037
129568
912770
919934
564358
894852
104394
262762
11490
755544
227225
387614
834944
324459
663385
7489
838689
542325
224893
704309
106471
524255
844966
259912
843089
169368
906495
560665
917179
852353
335459
160826
253797
373991
130147
232678
385301
412219
475984
343621
392867
646284
326867
489186
799914
272994
133414
533714
618061
281582
242902
209019
427418
82663
482298
479372
387657
849664
524093
374251
96069
683573
305259
775479
674048
155176
503354
252994
917466
542015
177622
725873
854883
503996
362771
927176
749686
139269
344388
718809
228706
900123
653861
562160
680262
195283
609210
455868
461430
550910
770144
474530
829379
315319
301796
673291
323794
418786
693827
30070
568770
972518
302733
90458
28123
4045
343646
318098
125079
570984
83226
629953
784986
349411
29685
301287
761058
628
374768
19443
956646
684807
242607
148453
84706
759297
671552
23336
437989
900088
200612
290322
439917
509110
314068
925417
516777
503038
577865
608159
302960
246184
464547
138891
866460
42787
464547
512391
556092
167534
222630
589259
927368
947176
451629
326590
854823
469647
290679
927187
871710
448405
494572
205457
914330
369210
173784
357456
15503
281522
308351
445915
178327
447281
748292
301282
860794
696803
642516
562256
174581
174894
854671
673709
285366
528796
336592
497436
338657
366902
92433
931144
898960
240626
429536
579410
474892
209378
442879
907579
62512
578859
408526
813352
985748
25620
329526
739248
392
994154
490597
31486
967741
519246
315440
912113
344288
225441
532003
467293
183783
628636
673870
258148
22896
68926
498443
443719
792221
133700
838174
450350
277330
902572
646616
67629
311163
84252
739286
107679
43087
48924
727962
939746
838585
300420
567643
567062
874945
586339
804236
767640
317529
32464
902133
592246
540940
418782
549494
461661
623462
289030
737044
743919
549919
65583
435170
401586
392957
290604
571633
980855
972405
313508
433302
358362
761443
988414
503485
818318
737728
596487
649157
406687
913211
594101
320685
496745
682433
263373
517455
429396
9672
1578
825280
47649
635830
216996
866401
100350
577870
163784
269407
672734
727679
515960
489875
715520
262494
720544
244835
131872
344361
422549
229447
181862
733702
446416
263071
886981
987290
684268
731273
684552
824728
562631
138025
207125
300267
884636
185277
337031
376880
662632
643142
111790
851883
107597
127879
609628
454141
795419
123658
266040
664922
177831
406102
26074
38854
387669
137647
312428
227550
605391
144206
532229
352015
89841
330192
864335
954941
293697
813925
108761
683613
15863
476978
327143
647644
699829
112289
322229
783898
904714
992143
8532
68111
789215
589296
440095
875494
575258
716281
180520
316023
87807
145112
633161
305754
718237
304364
209717
253191
219248
121100
563781
47334
797451
265632
351733
891026
717808
106473
864477
337228
642157
50029
721907
591351
594092
532531
933238
712593
567672
192310
267721
615842
567858
11634
842382
47755
698294
852766
333036
260685
864408
49739
305113
268881
448398
49087
476559
893137
644140
476753
185666
487414
778516
752547
716329
519770
962673
635281
263873
621660
297385
619880
333117
851065
574013
947429
8551
124729
707056
639165
822540
261019
401020
309896
765198
568653
599744
577071
149935
617960
687988
224172
773480
224151
158209
385010
470635
990155
799226
244389
679992
818496
449960
920438
239384
64387
877035
72296
85845
63084
867604
448997
318316
466791
930692
64942
199358
114612
243742
440701
313993
342531
242033
740873
227626
536669
476244
206718
132659
811430
543473
930931
533059
616342
979922
967767
10516
416977
982021
545164
185999
45422
808044
905187
308625
744598
142046
559666
104048
351234
973595
858975
77684
493557
174346
269353
601643
470973
949892
541878
833322
591704
861333
66153
584274
46792
668420
506718
146455
322162
3733
613179
29811
690199
200856
495118
966937
457930
495089
50547
389854
345073
710947
61275
559907
886044
614825
133752
323919
397588
504412
7338
460617
523811
697192
35069
379538
593706
680318
428977
3155
284953
229925
743704
174688
494300
739279
374641
483260
155602
437547
975339
243391
388659
480923
128671
548338
774634
248010
780491
332207
325991
292783
462871
80173
147983
449018
558997
432912
840310
437869
70489
606798
212854
262790
501698
268138
857972
785218
44804
130806
640007
56654
529129
302885
884490
562613
658994
475239
248411
865195
73571
834695
918446
927523
966392
896581
119241
737435
699699
466194
262164
730657
971466
793007
684470
226882
756271
621617
162578
53647
88558
443209
611305
304554
702054
86681
348611
593216
987972
247794
41866
103060
984638
372183
498009
500379
83900
18559
829513
681345
867109
236329
550101
243637
696858
658900
447195
211998
227181
803242
750557
986894
952489
496958
776950
570466
427417
51267
84726
256136
526879
485044
674436
337940
762313
9784
409539
538815
707411
400927
695164
319908
775630
616452
406623
90324
492905
388664
204443
708831
832522
187466
196381
85178
18950
579641
938587
353048
11268
730797
547369
573025
844874
847489
136678
272970
499128
435454
186718
566598
714578
627623
753629
783063
882203
371717
559174
885528
581568
710261
289337
395288
927316
224519
802319
994838
128844
618446
18812
95755
139562
5725
863158
843328
848462
127710
53173
891001
545228
993851
614477
569724
92239
333635
813872
203555
604702
133258
357429
101515
787072
308427
167903
720062
22788
765959
183690
88426
748047
94821
332539
704282
764553
853486
297775
259906
859363
83876
956689
221486
998939
65126
63674
715455
56702
789320
816492
291219
522631
602356
774842
96741
878979
142560
465643
263529
351492
679915
739103
158919
913486
857623
149682
210352
1387
233263
156058
375171
251165
286385
881777
921934
362217
580468
705060
53350
136012
504750
316711
955448
8899
510008
710204
132027
886558
610210
1031
157829
841834
137145
926070
321666
358365
604672
473550
701015
456672
871599
287690
27573
678934
615160
394120
491598
735479
231233
300327
980527
87155
557962
145320
300051
434737
476708
399468
52900
366257
949856
148889
736876
742774
994302
745201
925986
76382
357798
224014
239375
504636
313210
668749
914540
258362
792824
462075
740005
397138
988494
192785
906727
363165
906550
113864
437418
343096
678829
340931
527941
165606
263442
525602
280914
929242
805623
115921
355931
392556
290458
665302
865465
186346
468629
394560
383467
284631
152583
582388
697709
927097
338939
147715
38458
665192
819940
280985
754573
194435
251505
736124
857001
438106
536269
183625
980509
185695
894286
722159
838418
453148
909333
51603
133497
660357
542874
952007
573462
825140
151151
275742
827328
383141
535392
102742
424683
740008
222057
962660
778194
221645
918827
912431
820661
826213
3233
35505
271233
224752
455979
112468
74873
922520
900984
617221
732389
415926
720358
367698
287561
220671
3707
53388
347400
273054
346178
908234
462192
682718
197022
231283
362997
288469
680847
881270
782111
450691
290151
284950
263307
665122
875560
738378
593039
182016
169420
910962
992541
872669
303982
833285
80073
612455
785496
715615
387443
141938
918831
81843
490340
42476
609191
932722
792741
174448
267170
923361
256447
133148
397959
798587
710590
13141
269225
106027
66683
127166
550326
209638
573119
180336
356557
376462
604250
879139
615270
719643
582988
920017
535608
60164
622933
242902
987763
481063
285012
365908
729833
219309
959821
593189
448751
832984
753457
108146
711078
631901
579832
955655
259377
836318
838662
634342
360277
935282
591971
343573
65496
780303
828887
624370
764599
322361
871620
362971
455278
350522
366251
378787
994739
270818
323629
335273
15141
172814
4025
540218
534545
788192
105331
920138
607348
595094
220260
148512
769039
509549
257914
413826
184591
49116
608018
148729
708809
740216
344980
631646
412102
341608
941165
38849
133642
59770
617413
921509
576589
731166
333208
291906
265201
337246
140860
461838
936176
152620
34110
360794
996764
816205
118353
156726
156724
844286
959276
688173
359803
26146
994311
53626
807782
32021
878804
458029
488516
713937
651821
750195
725852
454701
730674
133797
619238
298980
355768
992421
490885
421123
316585
953097
825963
409410
729186
218361
461927
588551
40128
990918
106485
721300
383049
41484
153843
243623
306496
497162
571595
58627
257666
496364
174242
136387
31457
581577
674101
532227
240790
931085
776864
89254
111973
890956
651772
984349
934412
817961
273470
287761
562742
150709
688568
550890
964488
999128
397227
532553
123182
900608
305124
356970
814056
829279
161983
876101
470027
702113
158130
19987
442818
120867
780074
797630
8961
610243
31581
810518
174848
641003
240486
26294
216490
833845
721955
978327
321332
453203
651943
420342
397457
199183
546855
723059
357339
23272
296846
789426
2165
336340
925488
113086
638055
763906
557667
691447
763891
348898
348716
480834
851699
784968
70024
626617
905506
20502
793978
9847
664614
946223
182195
625790
493037
188864
754486
996192
173805
495275
839203
764404
309042
540440
399583
983437
999178
510670
48420
59491
627501
864299
593190
212364
125300
942858
245212
381788
940552
105659
180357
404332
275653
552396
308359
830267
568082
733527
38705
860301
101915
317436
958805
833414
654158
690437
768713
721890
458156
108984
110365
891304
150169
547560
19108
58160
692108
883831
107526
484863
396862
271335
267509
950486
491703
940566
739266
761603
164542
267239
198113
269410
184644
699919
835222
761694
65362
362395
250446
990570
629249
565849
503550
706335
568649
557023
815326
72664
395354
516333
438454
911044
535249
60881
810514
233125
239483
740310
866971
83702
677116
910223
658647
457149
979663
216610
735157
629775
849479
20838
999003
223276
569289
462607
342264
579721
894876
960207
729728
831717
874486
59541
108015
844786
861060
773711
152291
63285
152061
606226
780043
770603
156980
968986
823303
528131
781064
15273
758077
554413
949876
443937
516599
755781
773660
419882
29042
452814
661840
329626
121832
182932
634359
275623
247194
976310
122896
7078
668015
789244
830146
703218
399612
302107
769320
254435
421524
534593
600309
672511
637693
268766
776910
332117
227632
110792
554680
657511
161530
239936
331897
786739
412826
741336
647902
341727
27405
461865
851074
473432
331024
393380
106074
64188
267407
938999
763231
768405
47071
153930
664132
945305
813991
203693
841025
192155
677030
314650
860619
50709
131347
435170
231799
811181
937508
938580
168608
192507
447279
904560
229550
717251
130635
722390
602228
376177
503352
852347
430603
978757
820127
418136
765958
228231
679420
725735
677891
331903
633671
573028
51585
193668
952041
514280
608871
7651
375111
641925
225359
354307
451332
813750
681812
645589
424139
808280
618767
771205
687835
434540
259610
466248
56907
32687
426714
154342
850013
715109
337938
328397
546611
978345
587009
925114
516123
828446
282934
891543
627060
73052
470008
639660
419679
332935
423307
227534
54906
324225
179621
881496
865890
919862
679773
455961
670227
292639
496953
681889
251804
573578
933052
801253
747536
594610
823202
38582
344832
321564
253497
296174
271275
285591
2200
616893
498656
344795
215775
868051
719911
598309
646607
715853
303175
980781
3871
445132
21993
524463
406044
693878
39667
784793
149459
926594
856050
603972
93826
426130
62523
951113
807387
822628
542648
77767
679935
818129
550863
907077
996311
985373
514798
546508
390258
486713
87389
483911
473943
948350
394175
222180
21954
693041
351071
721524
590013
199745
553138
453979
426731
360914
826902
340929
408262
574333
88644
68036
768854
907609
66476
724204
560223
18197
118586
696630
377605
475118
126563
245897
878575
561454
548775
785658
95849
694451
579297
559359
758285
184913
498118
130029
195985
271719
678090
46301
786231
488621
685630
876828
740795
392189
405615
683804
204241
73475
714997
285923
65547
422458
299451
781391
784355
128530
768484
732553
475966
796667
751426
302377
21764
398571
803549
96128
466329
61118
178834
335111
820362
690071
176840
65421
222502
274931
823647
670140
693704
290014
201590
71630
612569
433700
683098
754593
940293
92307
250264
477779
500905
411431
294754
394157
147723
966800
2345
208721
362666
630511
635425
65578
953289
173939
247646
157408
852812
748241
647850
100760
758601
593272
846534
373301
668607
995510
64053
844486
342493
477791
602175
822340
685126
567289
161363
317479
992506
678350
868968
496625
539112
806343
709447
101595
341830
125729
179322
363728
967034
870002
372315
305257
705400
460757
775803
819784
865198
366465
725341
850779
238936
751721
181473
438931
303363
533800
395742
297395
79560
708215
355407
845416
378318
792692
387782
911375
876875
460657
743281
655239
400010
979218
992832
929599
999502
827084
581493
832411
141278
28207
492766
571459
567414
103125
155896
614236
171595
575851
610612
911956
526240
897055
184789
291736
546058
527703
967365
116306
96014
69667
685636
223497
985197
729499
236830
621603
861584
94995
439614
304472
739379
989233
639178
689908
257004
694943
184022
731904
649821
956517
775435
873914
320972
391232
388346
710994
784776
282854
705096
350634
213426
836772
896051
758157
511169
465228
33339
407272
564949
822737
975297
305212
909096
891867
266110
541028
544975
101177
462829
727443
55097
744251
463846
634236
431115
465738
922737
390677
64298
927113
265590
550488
329590
959432
475736
665746
327930
294406
493552
495708
350351
779464
180782
553306
676878
799680
915857
493577
742378
486251
588268
424084
10378
123656
128220
393333
805003
200045
567131
4113
941611
443373
378154
584004
546184
787031
670636
466331
186502
925488
949896
465871
940003
221773
867651
975335
737520
407276
479179
717294
960864
867655
423282
536707
405062
80731
745753
74594
144550
384379
230093
45657
710455
80727
376245
922837
234380
933346
89216
650422
896984
40725
985596
3631
635878
623437
488269
314673
54059
96199
382350
439990
774266
433176
808125
65600
295841
572039
702732
376320
704225
685670
84531
66355
876831
17279
113624
810504
571149
975564
32560
341279
144930
317678
421021
634657
625788
252333
544862
73102
445979
648171
512386
671685
407637
719705
461662
992790
873632
711150
261363
611388
149782
788960
147145
340530
660284
376920
119953
996750
952751
191979
709472
537357
235782
33982
818507
59433
957475
403478
451000
146129
888934
732338
763144
244318
410280
354501
553099
667593
815502
477514
571137
310140
642237
822160
646555
428713
874316
252216
147036
318091
381216
125453
723235
655228
202461
653835
891322
491138
642330
367341
697268
532214
438195
430676
537861
74580
580144
9616
217271
63749
502866
641714
905752
668293
861830
285351
280073
128123
375243
751884
239600
472053
283393
604212
403409
336076
869193
41009
42674
995603
777640
720499
839063
740718
339455
59443
283802
590287
270062
516243
862460
544484
245789
695527
327499
900808
228981
351781
401962
438576
325646
544664
737356
917188
69995
129275
217783
112494
707636
8932
463888
105010
203624
209299
257132
311740
370086
156963
731900
563246
439616
182736
555208
377868
584339
38523
452765
222186
532357
2520
527744
304300
427560
970009
467447
926093
706864
821359
660955
265460
34412
258258
863197
884111
619769
409236
941435
977376
814671
460489
929025
446078
203251
346346
139241
41532
107278
885023
971723
849677
363606
187390
128673
898230
819992
482360
160981
125450
868452
901014
758739
438242
950177
836492
800241
770290
426171
949977
606095
238733
622606
432000
838460
628907
220735
971501
663956
361843
924497
52386
625048
77514
4549
538096
326643
260923
686851
213925
925509
456415
821138
866262
512795
356123
134280
318255
679570
483124
906909
2603
730082
663889
855777
650084
393223
408619
209551
664191
467723
608023
360856
809717
546240
465090
538254
135085
146900
393109
641525
265053
857532
730197
396938
237813
346735
690858
736852
229106
533960
960434
610275
272582
151390
724589
900372
792400
887507
981211
141178
373299
737438
452401
13116
465222
340440
551323
261720
415731
197437
878602
837803
11938
901441
198683
176911
754725
376684
287967
337017
417966
886686
368717
208875
750444
889505
436155
491538
157898
922331
400334
669108
461975
518409
916682
210972
789781
719617
434992
907683
591702
713811
489232
957038
787256
227903
134836
791034
391189
278786
645959
866711
552152
367486
512261
104613
37093
63852
504862
621839
315941
928093
487299
495973
993308
894199
521414
624063
795622
25447
198751
603335
396869
470010
363215
125881
389976
578317
513647
463603
622299
403118
83448
182016
658602
894795
785908
833742
613702
983836
360337
588105
387885
335429
721802
116327
121571
452550
478658
308283
806767
251510
182296
450589
837388
964404
93199
431687
907861
90456
823046
454852
690964
890181
506705
787971
366278
873444
56765
727550
531706
608230
400688
330182
63931
938212
367966
572138
8307
193289
368624
569029
952773
890646
247594
936395
274886
628398
32928
467772
895572
915868
539593
803557
882358
251841
910139
368862
195375
129347
618248
222269
575105
276549
549793
153276
890851
673639
521886
650921
922428
330364
239984
660216
439822
102520
112203
208100
656545
519533
261676
392247
482497
31355
248364
116468
325582
968095
402954
932957
450580
641390
841355
474283
558333
736943
407169
420920
384005
150945
615640
511001
938438
438821
815249
892009
180504
52804
798571
552463
37255
401105
607525
815178
946876
880796
457729
952123
62382
929049
535970
176164
802842
254685
496599
666157
577643
459366
45511
433595
948508
746392
414028
26597
54195
610938
225089
14480
464455
45025
524699
426941
518989
443735
644500
748376
415913
739790
674372
754736
170418
26574
568458
612366
791308
701808
401278
574574
206546
384095
152535
408791
108329
297717
396056
219109
125969
443069
475666
435180
937019
31366
6283
157892
881145
288067
931356
534160
585983
562930
332715
480546
216651
601495
911084
183484
171105
861537
785526
805897
42505
440895
531367
494634
255316
255614
771637
11452
400321
388446
130712
834644
751516
894885
456155
427905
18938
245770
775887
599688
538513
583971
332007
746823
397300
943061
188287
761861
990239
217389
841176
201951
478830
309748
152861
993760
696770
449909
329380
985298
813089
962532
962962
389563
121683
880684
216982
238653
978740
691073
422573
271360
194598
888666
399090
991202
250708
886132
418671
874712
363736
694701
545871
533427
962844
880404
617175
728953
354123
76295
232128
413777
953263
404347
832502
103776
774999
33853
212919
553321
791782
301725
290770
928570
681002
362843
488042
327998
557618
777975
235596
843255
161316
39305
441829
806895
507440
317704
139298
183648
699523
632758
287847
77254
884590
492482
444820
354974
918126
204564
211098
268703
827919
965133
537962
686846
403112
389787
537257
760617
30111
766227
520869
821612
739673
990439
745475
309182
326637
988995
130936
842629
700726
124336
890945
591863
845893
360724
187132
737790
656896
809609
727915
424149
100947
951856
245210
990124
185685
408111
223606
670263
582257
884646
661707
887683
91210
653006
264468
906383
422332
630004
552053
386726
182973
519649
986300
408110
445092
45787
847226
841083
111851
981754
795437
258087
678409
366399
407548
932936
963643
704940
866691
259045
662703
834263
719391
672558
909981
691210
507186
855220
736717
348089
98265
475330
373483
752395
33864
483990
764658
138529
474688
23132
205944
989416
562967
798053
222479
700845
583391
639548
512669
421241
851769
691486
188221
65212
865295
979611
994174
200049
745695
113722
401140
513111
179671
165598
768795
979419
940455
718079
208760
15778
95828
336782
188608
387689
791829
607757
56523
109533
981368
669080
794003
335464
27244
863135
801571
534252
98494
695243
664762
702493
808535
873753
622607
809094
966257
318875
834513
686208
896810
354657
652449
819974
759944
294942
789637
105489
531878
911615
670368
239549
906723
361623
177499
343537
529206
480532
811296
413687
523563
411626
154448
619212
720550
805549
443025
249177
311363
55721
590663
271012
62190
558421
276242
636215
421281
820845
562397
710440
386566
154955
593792
144076
690068
842401
339601
884248
829694
499469
346809
129934
440422
275852
806518
509959
759178
763219
260534
706509
847638
488229
627060
813222
263531
819588
672568
118975
59086
564193
638016
58688
414203
490708
953396
882236
486671
436657
967136
343735
43658
65200
596493
761248
27387
521184
107435
578949
882869
193816
7418
85683
894903
605262
29115
541090
112320
980488
271555
588585
324074
480698
654379
401532
577689
305545
603433
560285
429920
584567
114544
239648
988845
159870
218769
559342
790257
682193
64424
881212
837857
191956
285825
647467
882525
882620
581885
672318
375109
538970
512676
360914
362545
646898
26160
1114
939060
786396
393696
940631
373739
497484
978224
266898
226183
395596
95668
265984
248001
333566
181537
843459
719239
829130
771559
613349
74101
357818
280636
78235
622072
469870
454534
173394
648737
425081
740969
142359
606236
830040
413827
39446
745711
696477
213469
757358
248545
810178
995786
337647
422566
890477
771813
364288
452710
947333
312853
770145
316075
825455
465527
105630
326393
349184
831413
382383
190104
125355
754081
239295
908163
38064
913951
760669
723216
983763
652586
94304
969938
492647
838159
987363
596276
113702
635065
262429
572330
212628
40735
940500
10366
884726
205145
606667
646710
908467
906378
636654
265444
558291
360249
892121
829054
383597
236831
565772
923497
391237
137369
560622
805059
425173
846007
919371
69079
460344
298383
102452
872895
929258
485283
838011
653369
570127
126480
23201
531871
91361
734394
713522
712588
940643
491068
103145
720633
922073
202570
131048
112852
319253
504502
911417
755565
671148
945543
1274
263818
633839
985012
793986
477227
135753
632368
984120
900010
17257
610564
697781
604029
856089
909825
688792
315632
379473
991647
454674
594799
372864
532366
972387
625094
61080
558191
634491
59823
160177
604840
594235
103632
377342
852448
821049
906092
382254
291442
578674
759967
409090
139160
513083
758354
843768
454261
699348
668608
910068
132898
708848
149223
409481
637233
65041
884806
488606
225552
154982
899141
22238
953105
651839
246660
331699
549921
899637
30978
71841
70523
838659
867909
427680
293691
752504
289252
27323
685256
536647
722158
792563
616734
386903
709159
572820
336170
667044
187129
196869
385226
897846
429396
914275
828524
235497
319269
722090
652292
291556
275578
40462
915727
972052
26422
324222
339927
83566
562917
332359
932413
874157
336460
152422
413081
249533
240386
489337
770750
515866
78695
689909
961484
636329
738613
656388
793441
887445
318280
17982
191685
384758
330759
328728
234812
538553
392523
956321
485586
618954
785531
859962
740479
384009
336330
497961
442755
924822
688846
547599
546529
461358
538807
901
458714
472785
86685
498353
853402
110115
765443
649779
231340
170641
276535
551686
512233
19014
654916
299626
863962
582068
878406
2003
443873
369924
944387
898602
818496
511595
495324
174993
300517
799142
213922
517449
128076
993267
628323
703027
847932
22056
316847
124272
697742
711464
923340
941168
113168
335515
95975
110254
176674
711623
806631
909898
968690
378915
76805
126162
879598
708158
464627
958828
646533
577461
147308
707104
466372
385875
22306
151758
451920
208566
33861
268009
104386
424238
106582
819384
417954
528328
759696
597084
843088
755967
470221
80582
889344
607090
329157
768697
523844
450941
349250
383542
599203
7602
79334
66056
36030
528360
404886
584616
379180
182171
547894
366073
692861
702165
52077
484452
962313
942212
285669
928806
505429
276334
30845
428737
309552
891611
561777
637025
39435
745134
389633
125769
170024
617786
784090
193072
452142
424026
554548
149909
463672
913036
7045
761176
821284
296777
443736
238000
747423
485134
818058
753065
404509
977380
29855
14646
393002
775873
150320
345856
234847
374009
62619
224375
432531
273588
128260
969174
654690
199666
554932
885913
814571
763662
130867
160687
525399
976329
111442
846445
101702
502403
305471
211115
382868
609443
781318
77223
89174
560781
207300
517787
704550
769102
211172
843614
667613
991220
749627
190142
545149
745432
743325
630197
144629
468220
360832
533014
737019
621918
398752
193098
710879
39449
351390
300842
444856
122334
350017
436360
134999
587121
371675
525949
903339
797430
321240
819400
363774
941010
244665
27383
220158
293383
126442
772662
891220
238360
704110
628486
912176
393189
348476
938112
744016
875799
793550
386043
793445
324428
182419
405520
713770
817623
632381
733170
612570
934198
787334
605330
199817
776927
608504
747620
839838
737516
133875
60632
202596
197557
840718
311567
21824
346367
858620
821596
881211
600862
469334
80593
161075
39269
376826
590979
685998
379136
684000
103524
193364
963366
333621
367319
574974
185636
24503
769161
792178
445264
324012
713163
789516
660246
455578
887181
178399
149311
376054
207941
643595
411016
627102
77869
953344
520317
975057
703047
774163
238090
867608
586523
456906
490060
443953
199668
58874
463488
531406
810536
996523
986299
304877
703450
501023
49325
515195
346671
563172
29254
758924
802514
96504
501214
64256
561045
866796
999656
652370
474906
901543
262569
351569
613033
186516
178762
95402
987431
20527
784553
24589
820699
857678
287251
4550
179793
253686
254865
275796
776892
283433
924105
385315
243318
848567
682114
338205
472381
804257
189579
713279
422741
35928
829116
802400
806740
269502
396702
798607
801205
408436
260874
210325
683069
651672
47581
982565
556108
629017
587113
699072
225092
56732
880289
742902
535217
389005
379068
945026
545944
642625
185842
512233
867876
384071
504700
73036
824967
349026
725651
318782
724355
245887
531310
906104
11804
602812
881761
420686
445224
461523
336285
452965
404871
798540
858656
96670
49302
719139
984415
589898
881814
642250
980332
770108
316078
375481
249839
488752
46117
717265
628807
487786
55821
739809
56361
517544
970802
925942
930571
600883
378627
606852
769546
923049
866545
944630
353579
654549
896237
190181
431905
790102
799551
802227
344128
233667
860563
766901
419772
153613
554458
3301
787555
574333
760048
308968
628463
75750
747147
415033
278527
521870
680709
701232
235619
575727
209985
662850
944719
162421
157922
153617
278300
471296
779920
600371
242871
129570
667909
696637
942544
366181
526529
923317
165543
624399
232264
334042
455768
760204
399509
969273
963904
530696
929646
724270
691186
765263
86779
653699
706351
316331
796659
897564
163553
195957
499431
945986
264073
59886
411855
322805
874608
61300
708681
662094
733642
802032
560832
490569
838453
252183
75948
765957
382691
531181
834191
121780
874087
826412
346464
738345
882612
542439
980518
392021
651567
897401
66565
64978
713393
724891
190690
672064
702327
680250
211175
577281
891005
537232
308954
398335
54546
685477
666934
51456
87159
119400
295594
566819
546837
270905
564993
335447
124131
551714
283021
101447
437274
682870
245220
708728
150545
577524
876488
184605
839798
340121
976272
84982
772440
984433
810937
841412
580645
60260
674289
349732
821308
44222
552688
536802
424881
505118
776684
952502
710444
793514
503904
477433
350698
326094
563577
623070
84170
238905
379768
737185
876823
913644
316051
391560
24713
996261
44194
736686
268283
193127
995502
665129
191331
457076
936638
856837
628053
172248
825555
418984
197268
761862
145835
860546
110385
727066
61359
666649
553125
821230
542178
492152
672741
46368
160242
23701
361685
306812
833169
886374
669415
14178
489283
464553
545096
496908
963851
189538
328597
583272
182346
554189
425242
16287
476743
650349
483397
584774
85899
12529
42951
617599
397825
832322
715620
696350
506216
374030
559925
121901
484467
114860
660971
421633
230049
53002
875631
244538
666667
705159
459751
212285
808274
345810
200825
853252
690906
910052
924642
806588
473687
359724
719120
295351
613155
992266
850404
519962
15059
958910
8619
125368
228659
532491
558594
240025
130702
346336
619693
134937
123285
46299
39594
564400
139873
718921
524401
329106
262686
614201
875813
818297
869657
272017
771056
462742
758349
316416
7334
817333
368863
744084
763520
129972
642628
104382
14080
232797
827857
821471
135961
201096
17447
916447
622520
428885
977875
108839
470352
283954
915017
339262
759401
485411
557963
894012
847992
328779
320460
147118
203199
707612
197357
630310
730399
488529
975178
247090
105132
772781
72087
64859
693934
9712
603601
730624
697569
952611
670368
11019
429218
494568
292077
138975
214703
284496
734775
687959
448274
700000
302885
339764
833597
343765
66785
128925
562173
608240
329888
699843
591004
88279
522623
303545
698101
987509
915258
449824
554241
736468
856214
117030
420920
171966
213029
295400
12373
903061
575597
470629
174888
206716
720005
322649
190674
152169
856543
624060
959205
511920
856763
424652
639384
336164
758512
196520
972773
731386
800321
155952
45185
745724
509352
403384
906354
56472
395200
564286
808838
957406
931437
400079
746090
753212
858077
794304
957830
286079
617653
610876
277343
702805
664824
414968
908087
680886
231580
224822
693519
264626
627742
419595
530991
244243
586625
88331
779363
244352
798773
333530
512782
27472
319574
238384
162360
496722
818837
567163
138344
173608
407069
520970
17813
338459
197890
455478
910598
455034
443084
691650
453326
103386
653746
554024
446691
449093
954308
4928
216474
720739
947410
865581
399711
312373
719314
863919
741451
601028
86239
86617
814716
867779
437805
156826
923936
292836
18519
180298
151608
225762
720886
975595
989020
789568
955867
89278
603383
247449
570310
952364
470769
816536
559841
904960
194786
547108
636084
85850
615679
181452
943091
49971
968332
68751
890623
184
422539
107578
518835
950725
302044
820781
244730
787425
746786
847636
947448
201088
643411
454423
222986
119620
752416
884801
914872
176360
814449
411941
384861
335268
100276
13014
304704
704049
932326
381479
545111
765574
660329
500810
450638
565365
155400
515754
625058
863397
515016
29955
347410
183516
791804
175592
771374
858635
332086
455288
968648
755652
897289
79989
603517
471873
852502
870286
427320
479648
99886
780232
304247
202292
930344
126898
902426
922368
635044
29902
945745
772775
451988
222352
921056
838977
772921
307882
482268
937694
391947
19445
171334
801929
652012
201165
814695
428708
841194
370185
768741
231576
276756
392079
273825
103669
102206
184337
513313
752496
523378
795786
635441
569493
807587
911461
564521
374886
98176
15981
771876
778317
499662
852903
205817
918844
717844
548356
646964
986145
281720
446559
264836
879006
296252
475557
495727
647490
473425
456748
264577
405877
90222
300444
588435
640122
184196
424237
132319
260429
679320
428731
730405
910980
768104
880512
483864
979839
756975
276008
791065
923406
451196
356326
99272
944119
576935
177831
189616
508611
421275
662978
416057
187065
114589
707370
570692
812947
877749
21083
234414
463453
78597
340321
178479
157966
202792
663677
655249
272969
313815
640228
318956
838427
587186
881566
565257
338229
658879
393156
268027
336440
787746
346564
883563
437026
531904
13918
462462
755406
676593
27472
687272
658953
752092
599190
502559
422970
452100
957492
61643
757235
952861
184952
847691
137548
282612
990327
787618
248068
600717
975509
523434
134125
873293
568094
483576
561187
512163
40688
134883
816171
600153
578867
647266
343161
706899
608155
714589
946411
314985
747010
512411
232438
502721
800109
967715
22395
422778
887671
685095
282763
322750
587063
597934
589957
753260
968377
869357
481734
441238
717523
122315
133046
822269
30817
284254
639902
395986
609080
500984
131032
536005
195052
232256
709473
182822
498129
391106
590775
651893
428580
643013
699377
227480
514008
215335
431093
676481
88735
751316
290073
965748
204013
351409
51319
348413
387835
704606
27867
103509
141639
894756
2218
647262
928359
853898
73261
422314
141237
779903
1219
828680
892991
924650
462813
686926
795388
368673
601303
112752
122354
647423
718328
180730
291846
951450
570037
646855
278153
608079
272240
569611
325071
573075
402604
904422
584509
944766
586319
837540
50865
911774
790753
824475
253654
34064
175944
301364
766153
392127
525003
434260
296778
87486
728714
725999
419297
848865
95731
503148
554280
907985
881432
712328
307980
297431
365740
617632
851261
477649
335425
64834
808718
705316
327584
510732
710412
385337
819554
204166
459017
184710
681672
162412
212740
818188
843710
43431
796722
521614
405595
263067
158903
899341
486613
587080
53489
929172
22516
975935
247998
267070
644442
676168
958577
13854
454321
704372
633165
848578
931413
773249
398936
427903
310358
364549
873098
549392
841448
147632
871727
196902
922056
939274
729180
931896
898647
577527
115407
200124
824949
883449
95620
404515
139490
477638
713633
12402
24198
671999
671561
829651
724721
124687
344641
973734
564620
799669
254761
337853
980523
80605
971119
778230
525772
907480
469804
475381
368502
775199
824208
847469
21797
13805
75514
862298
907693
490737
516999
65617
618524
947944
450773
23399
439073
497154
255371
133198
215953
745216
463397
604400
547858
214638
39241
364524
993897
2990
151473
4489
598235
334916
554106
30104
96205
802070
639730
187588
725799
992989
906673
903894
602013
53080
930714
308769
491244
281884
76535
555953
827852
765046
988685
171523
62700
411557
262570
94136
187072
325910
361010
578767
986204
121797
913184
459671
743614
724972
109383
187328
317904
589841
654881
377091
795929
700283
269713
200682
363895
26497
189157
725956
642918
405615
312160
564257
640213
402027
62267
877592
446856
430816
788959
680326
659257
878317
641376
489026
470882
160115
935968
413107
586310
95469
75341
955158
190809
430254
498560
613710
557948
197719
771438
932002
838282
58067
524330
317729
442532
16114
318291
231558
29822
521573
29289
101879
786096
527105
535400
540398
259064
372125
1671
150931
810892
153565
294541
638285
11672
593289
227174
368742
251662
535540
803338
92777
898596
810533
346245
568664
60541
543217
588441
419989
273393
605811
640478
670062
318785
94883
505733
408719
619859
561494
855853
380137
300771
755125
553241
421359
896233
516130
450108
587636
391794
598858
94372
558754
451021
161423
406630
931109
429652
979590
342436
774264
876504
158357
992938
803346
909601
539156
858165
458749
858030
64445
642822
679902
387068
279559
284634
383854
535705
195590
285645
845408
333173
423412
414507
724718
726527
569902
525262
116959
133488
382379
158182
803452
273181
930371
446364
653401
417239
711420
183167
361180
741654
954179
372374
919790
984009
148177
224628
284462
431760
472316
247508
365502
650914
944878
220901
451616
652820
937311
993286
495793
831847
759358
852495
262125
966494
578060
824894
810783
761029
50434
253208
652325
907847
895959
635665
294109
743562
748180
354184
552889
193130
242522
331408
458569
33158
6399
11054
640779
213096
11523
636330
24115
356539
197581
230985
222891
365069
182684
259262
204595
890800
286627
869719
12244
947792
155769
810487
185646
400564
326135
584642
796208
271335
578221
68529
790313
701650
861185
712186
618921
637741
208836
402959
579991
452846
175616
387184
951936
207613
88444
537165
719120
696242
291273
161575
259895
876372
179576
795246
531238
597726
26125
902871
542758
183354
318658
766857
891366
323364
803560
800673
216287
688412
180569
895976
215399
383398
377941
927425
328785
808799
763330
906855
519843
577880
422999
59436
279791
67854
715154
620553
97405
912621
514413
136590
658665
195922
2133
817236
40837
261061
672997
360018
776185
120990
356439
678789
193878
153383
431457
707714
683747
219958
230606
847729
847990
475823
910375
730672
520610
726956
525237
230222
997155
135247
605611
742927
938086
907270
415759
855815
344878
525280
391671
458166
815455
721364
298707
24545
818840
205563
677890
678545
810703
233052
305551
714403
936857
905684
236181
205546
997357
581257
878497
556663
440731
794364
610045
475141
250212
871403
21252
689842
790227
251373
148304
234268
124374
373758
129168
632240
916840
429064
607353
912371
320238
670226
334317
40143
436682
339880
521685
179032
870763
807715
32267
277671
314944
924378
578237
812567
328363
204702
67053
976153
793258
537106
630727
895595
785280
176557
400161
698687
128260
377947
134950
761196
897500
90731
210744
657217
382918
994082
651005
414463
849883
926408
785793
413534
472353
552582
206187
519002
503869
32977
676617
393752
332901
713053
758599
868575
975434
115422
384815
123665
28277
912857
214218
78696
41592
364733
542411
450321
627407
791250
323596
251384
419545
768097
603603
885721
792202
899050
714085
397084
829964
438623
744495
179720
52319
465749
371340
90625
759077
335789
231573
735105
503737
994932
60286
938236
345322
194657
265804
393753
277380
658775
959612
180149
381371
46106
928937
344560
347399
98882
371381
262671
121818
771257
247386
186833
923841
397678
819201
566879
509445
712845
618388
835794
69474
630368
903826
381751
574560
378002
993155
54552
309772
765185
221545
777930
201945
909917
996565
267209
388227
990543
239001
58242
233143
567539
159865
624382
814865
371859